{
 "cells": [
  {
   "cell_type": "markdown",
   "metadata": {},
   "source": [
    "# TBmodels"
   ]
  },
  {
   "cell_type": "markdown",
   "metadata": {},
   "source": [
    "## Setup"
   ]
  },
  {
   "cell_type": "code",
   "execution_count": 1,
   "metadata": {},
   "outputs": [],
   "source": [
    "%%capture\n",
    "%%bash\n",
    "pip install tbmodels"
   ]
  },
  {
   "cell_type": "code",
   "execution_count": 2,
   "metadata": {},
   "outputs": [],
   "source": [
    "import tbmodels"
   ]
  },
  {
   "cell_type": "markdown",
   "metadata": {},
   "source": [
    "## Load model from Wannier90 output"
   ]
  },
  {
   "cell_type": "code",
   "execution_count": 3,
   "metadata": {},
   "outputs": [],
   "source": [
    "tbmodels.Model.from_wannier_folder?"
   ]
  },
  {
   "cell_type": "code",
   "execution_count": 4,
   "metadata": {},
   "outputs": [],
   "source": [
    "tbmodels.Model.from_wannier_files?"
   ]
  },
  {
   "cell_type": "code",
   "execution_count": 5,
   "metadata": {},
   "outputs": [],
   "source": [
    "model = tbmodels.Model.from_wannier_folder(folder='wannier_output', prefix='wannier90', pos_kind='nearest_atom')"
   ]
  },
  {
   "cell_type": "markdown",
   "metadata": {},
   "source": [
    "The model can be used to directly evaluate the Hamiltonian or bandstructure at a given k-point (in reduced coordinates):"
   ]
  },
  {
   "cell_type": "code",
   "execution_count": 6,
   "metadata": {},
   "outputs": [
    {
     "data": {
      "text/plain": [
       "array([[ 5.81990767e+00+0.00000000e+00j, -1.28824130e+00-6.98955814e-01j,\n",
       "        -6.57383632e-01-3.92270975e-01j, -1.01854039e-01-5.73982359e-01j,\n",
       "         4.40077575e-01+2.31553801e+00j, -2.47648498e+00-7.56738913e-01j,\n",
       "        -2.18344778e+00-9.30716482e-01j, -2.70417857e+00-1.45810426e+00j,\n",
       "         1.65154422e-04-8.30537220e-05j, -6.26585374e-03+6.45911467e-05j,\n",
       "         1.13884853e-03+6.11011299e-03j,  4.69401989e-03-7.18881076e-03j,\n",
       "         2.98288032e-04-1.67341303e-03j,  6.71297648e-04-2.19644875e-03j,\n",
       "        -1.85336157e-03-1.00889337e-03j,  1.46046705e-03+1.54810045e-03j],\n",
       "       [-1.28824130e+00+6.98955814e-01j,  6.24869978e+00+0.00000000e+00j,\n",
       "        -1.36611786e+00+5.30755275e-02j, -6.55580687e-01-3.79825990e-01j,\n",
       "        -1.51464088e+00+1.84293326e+00j,  6.18206659e-01+6.35020627e-01j,\n",
       "        -1.70089133e+00+1.08092710e+00j, -2.40661963e+00+8.08188005e-01j,\n",
       "         5.46152625e-03+9.15804485e-04j, -2.26513000e-04-1.62634024e-04j,\n",
       "        -6.85619032e-03-6.63339206e-03j,  1.14150540e-03+6.11215184e-03j,\n",
       "         2.38104206e-04+8.69387111e-04j,  6.06460611e-04+3.46631874e-04j,\n",
       "         1.25536367e-03-3.79583020e-04j, -8.89623791e-04-1.59893014e-04j],\n",
       "       [-6.57383632e-01+3.92270975e-01j, -1.36611786e+00-5.30755275e-02j,\n",
       "         6.24861139e+00+0.00000000e+00j, -1.28911392e+00-7.11184905e-01j,\n",
       "        -2.58162874e-02+2.53534295e+00j, -5.03172453e-01+1.95353687e+00j,\n",
       "        -7.93649643e-01-3.92726519e-01j, -1.28170059e+00+2.01036106e+00j,\n",
       "         4.46546572e-04-6.63467592e-03j,  5.49109420e-03+7.25913721e-03j,\n",
       "        -2.26513000e-04-1.62634024e-04j, -6.26138784e-03+6.33156606e-05j,\n",
       "         5.00651746e-04-3.42885114e-04j, -2.28856689e-03+1.01020120e-03j,\n",
       "        -1.64947504e-03+2.84428324e-04j,  1.43096467e-04-3.62717812e-04j],\n",
       "       [-1.01854039e-01+5.73982359e-01j, -6.55580687e-01+3.79825990e-01j,\n",
       "        -1.28911392e+00+7.11184905e-01j,  5.82015485e+00+0.00000000e+00j,\n",
       "         2.22121895e+00+2.12202118e+00j,  1.56266380e+00+1.78960375e+00j,\n",
       "         1.48335407e+00+2.11925712e+00j, -2.33819131e+00+2.96188429e-01j,\n",
       "        -7.53131490e-03+5.68533486e-03j,  4.47134357e-04-6.63386690e-03j,\n",
       "         5.46205650e-03+9.14358740e-04j,  1.65154422e-04-8.30537220e-05j,\n",
       "        -4.27020834e-04-2.18451017e-03j,  2.23044722e-03+1.53316491e-03j,\n",
       "        -1.07451008e-03+1.70348682e-03j,  7.35762633e-04+1.03946195e-03j],\n",
       "       [ 4.40077575e-01-2.31553801e+00j, -1.51464088e+00-1.84293326e+00j,\n",
       "        -2.58162874e-02-2.53534295e+00j,  2.22121895e+00-2.12202118e+00j,\n",
       "         5.40175496e+00+0.00000000e+00j, -1.28873896e+00-3.07315321e-01j,\n",
       "        -6.56569108e-01-2.66562672e-01j, -5.19683579e-01-1.09113164e+00j,\n",
       "        -1.21625924e-03+3.77589382e-04j,  2.99794842e-04+2.48487813e-04j,\n",
       "         4.25525107e-04-7.96000557e-04j, -1.92459121e-03+9.12288339e-04j,\n",
       "        -3.47870232e-04-4.12866114e-04j, -5.72685710e-03-7.23205759e-04j,\n",
       "        -7.67069267e-04+6.94491238e-03j,  6.76682059e-03-5.69103738e-03j],\n",
       "       [-2.47648498e+00+7.56738913e-01j,  6.18206659e-01-6.35020627e-01j,\n",
       "        -5.03172453e-01-1.95353687e+00j,  1.56266380e+00-1.78960375e+00j,\n",
       "        -1.28873896e+00+3.07315321e-01j,  6.66781675e+00+0.00000000e+00j,\n",
       "        -9.48285223e-01+3.19024576e-01j, -6.56394419e-01-2.54341893e-01j,\n",
       "        -1.28833044e-03-1.54858627e-03j,  2.39429641e-04-1.65641594e-03j,\n",
       "        -2.48057680e-05+1.31275824e-03j,  1.53183803e-03-1.45228320e-03j,\n",
       "         6.55104926e-03-2.55545805e-04j,  3.85317315e-04+6.40230277e-04j,\n",
       "        -5.36543963e-03-6.62779192e-03j, -7.68471380e-04+6.94437353e-03j],\n",
       "       [-2.18344778e+00+9.30716482e-01j, -1.70089133e+00-1.08092710e+00j,\n",
       "        -7.93649643e-01+3.92726519e-01j,  1.48335407e+00-2.11925712e+00j,\n",
       "        -6.56569108e-01+2.66562672e-01j, -9.48285223e-01-3.19024576e-01j,\n",
       "         6.66513600e+00+0.00000000e+00j, -1.28864270e+00-3.19757597e-01j,\n",
       "        -2.14854815e-03+1.64588932e-03j, -2.54900229e-04-2.48719554e-03j,\n",
       "        -5.17073138e-04+4.69663176e-04j,  1.88150452e-03+1.31618199e-03j,\n",
       "        -8.26672859e-04-6.43702752e-03j,  7.08348792e-03+6.97691853e-03j,\n",
       "         3.85489604e-04+6.39936096e-04j, -5.72855963e-03-7.21672228e-04j],\n",
       "       [-2.70417857e+00+1.45810426e+00j, -2.40661963e+00-8.08188005e-01j,\n",
       "        -1.28170059e+00-2.01036106e+00j, -2.33819131e+00-2.96188429e-01j,\n",
       "        -5.19683579e-01+1.09113164e+00j, -6.56394419e-01+2.54341893e-01j,\n",
       "        -1.28864270e+00+3.19757597e-01j,  5.40269699e+00+0.00000000e+00j,\n",
       "         2.20896155e-03+2.68120805e-04j,  1.70584208e-04+5.80899614e-04j,\n",
       "        -9.02341574e-04-4.31558922e-05j,  1.49933430e-03+8.00801842e-04j,\n",
       "        -4.27477885e-03+6.18014023e-03j, -8.26339836e-04-6.43885668e-03j,\n",
       "         6.55227908e-03-2.53476714e-04j, -3.47561215e-04-4.13817170e-04j],\n",
       "       [ 1.65154422e-04+8.30537220e-05j,  5.46152625e-03-9.15804485e-04j,\n",
       "         4.46546572e-04+6.63467592e-03j, -7.53131490e-03-5.68533486e-03j,\n",
       "        -1.21625924e-03-3.77589382e-04j, -1.28833044e-03+1.54858627e-03j,\n",
       "        -2.14854815e-03-1.64588932e-03j,  2.20896155e-03-2.68120805e-04j,\n",
       "         5.82016571e+00+0.00000000e+00j, -1.28910926e+00-7.11182522e-01j,\n",
       "        -6.55579687e-01-3.79829965e-01j, -1.01855578e-01-5.73981859e-01j,\n",
       "         4.40854577e-01+2.31528708e+00j, -2.47390182e+00-7.55859482e-01j,\n",
       "        -2.18489227e+00-9.33168595e-01j, -2.70455397e+00-1.45677022e+00j],\n",
       "       [-6.26585374e-03-6.45911467e-05j, -2.26513000e-04+1.62634024e-04j,\n",
       "         5.49109420e-03-7.25913721e-03j,  4.47134357e-04+6.63386690e-03j,\n",
       "         2.99794842e-04-2.48487813e-04j,  2.39429641e-04+1.65641594e-03j,\n",
       "        -2.54900229e-04+2.48719554e-03j,  1.70584208e-04-5.80899614e-04j,\n",
       "        -1.28910926e+00+7.11182522e-01j,  6.24861615e+00+0.00000000e+00j,\n",
       "        -1.36611399e+00+5.30729249e-02j, -6.57385823e-01-3.92269489e-01j,\n",
       "        -1.51589675e+00+1.84021295e+00j,  6.18751106e-01+6.33445598e-01j,\n",
       "        -1.70243401e+00+1.08222117e+00j, -2.40327836e+00+8.08006794e-01j],\n",
       "       [ 1.13884853e-03-6.11011299e-03j, -6.85619032e-03+6.63339206e-03j,\n",
       "        -2.26513000e-04+1.62634024e-04j,  5.46205650e-03-9.14358740e-04j,\n",
       "         4.25525107e-04+7.96000557e-04j, -2.48057680e-05-1.31275824e-03j,\n",
       "        -5.17073138e-04-4.69663176e-04j, -9.02341574e-04+4.31558922e-05j,\n",
       "        -6.55579687e-01+3.79829965e-01j, -1.36611399e+00-5.30729249e-02j,\n",
       "         6.24869502e+00+0.00000000e+00j, -1.28824485e+00-6.98959737e-01j,\n",
       "        -2.49537951e-02+2.53857595e+00j, -5.02416195e-01+1.95166862e+00j,\n",
       "        -7.94979650e-01-3.91719882e-01j, -1.28467705e+00+2.01000955e+00j],\n",
       "       [ 4.69401989e-03+7.18881076e-03j,  1.14150540e-03-6.11215184e-03j,\n",
       "        -6.26138784e-03-6.33156606e-05j,  1.65154422e-04+8.30537220e-05j,\n",
       "        -1.92459121e-03-9.12288339e-04j,  1.53183803e-03+1.45228320e-03j,\n",
       "         1.88150452e-03-1.31618199e-03j,  1.49933430e-03-8.00801842e-04j,\n",
       "        -1.01855578e-01+5.73981859e-01j, -6.57385823e-01+3.92269489e-01j,\n",
       "        -1.28824485e+00+6.98959737e-01j,  5.81989781e+00+0.00000000e+00j,\n",
       "         2.22237058e+00+2.12125345e+00j,  1.55988702e+00+1.78899056e+00j,\n",
       "         1.48499113e+00+2.12144486e+00j, -2.33819065e+00+2.97006257e-01j],\n",
       "       [ 2.98288032e-04+1.67341303e-03j,  2.38104206e-04-8.69387111e-04j,\n",
       "         5.00651746e-04+3.42885114e-04j, -4.27020834e-04+2.18451017e-03j,\n",
       "        -3.47870232e-04+4.12866114e-04j,  6.55104926e-03+2.55545805e-04j,\n",
       "        -8.26672859e-04+6.43702752e-03j, -4.27477885e-03-6.18014023e-03j,\n",
       "         4.40854577e-01-2.31528708e+00j, -1.51589675e+00-1.84021295e+00j,\n",
       "        -2.49537951e-02-2.53857595e+00j,  2.22237058e+00-2.12125345e+00j,\n",
       "         5.40269122e+00+0.00000000e+00j, -1.28865513e+00-3.19757907e-01j,\n",
       "        -6.56400082e-01-2.54345387e-01j, -5.19682960e-01-1.09113354e+00j],\n",
       "       [ 6.71297648e-04+2.19644875e-03j,  6.06460611e-04-3.46631874e-04j,\n",
       "        -2.28856689e-03-1.01020120e-03j,  2.23044722e-03-1.53316491e-03j,\n",
       "        -5.72685710e-03+7.23205759e-04j,  3.85317315e-04-6.40230277e-04j,\n",
       "         7.08348792e-03-6.97691853e-03j, -8.26339836e-04+6.43885668e-03j,\n",
       "        -2.47390182e+00+7.55859482e-01j,  6.18751106e-01-6.33445598e-01j,\n",
       "        -5.02416195e-01-1.95166862e+00j,  1.55988702e+00-1.78899056e+00j,\n",
       "        -1.28865513e+00+3.19757907e-01j,  6.66513400e+00+0.00000000e+00j,\n",
       "        -9.48285414e-01+3.19027065e-01j, -6.56564445e-01-2.66559178e-01j],\n",
       "       [-1.85336157e-03+1.00889337e-03j,  1.25536367e-03+3.79583020e-04j,\n",
       "        -1.64947504e-03-2.84428324e-04j, -1.07451008e-03-1.70348682e-03j,\n",
       "        -7.67069267e-04-6.94491238e-03j, -5.36543963e-03+6.62779192e-03j,\n",
       "         3.85489604e-04-6.39936096e-04j,  6.55227908e-03+2.53476714e-04j,\n",
       "        -2.18489227e+00+9.33168595e-01j, -1.70243401e+00-1.08222117e+00j,\n",
       "        -7.94979650e-01+3.91719882e-01j,  1.48499113e+00-2.12144486e+00j,\n",
       "        -6.56400082e-01+2.54345387e-01j, -9.48285414e-01-3.19027065e-01j,\n",
       "         6.66782013e+00+0.00000000e+00j, -1.28872746e+00-3.07315059e-01j],\n",
       "       [ 1.46046705e-03-1.54810045e-03j, -8.89623791e-04+1.59893014e-04j,\n",
       "         1.43096467e-04+3.62717812e-04j,  7.35762633e-04-1.03946195e-03j,\n",
       "         6.76682059e-03+5.69103738e-03j, -7.68471380e-04-6.94437353e-03j,\n",
       "        -5.72855963e-03+7.21672228e-04j, -3.47561215e-04+4.13817170e-04j,\n",
       "        -2.70455397e+00+1.45677022e+00j, -2.40327836e+00-8.08006794e-01j,\n",
       "        -1.28467705e+00-2.01000955e+00j, -2.33819065e+00-2.97006257e-01j,\n",
       "        -5.19682960e-01+1.09113354e+00j, -6.56564445e-01+2.66559178e-01j,\n",
       "        -1.28872746e+00+3.07315059e-01j,  5.40176096e+00+0.00000000e+00j]])"
      ]
     },
     "execution_count": 6,
     "metadata": {},
     "output_type": "execute_result"
    }
   ],
   "source": [
    "model.hamilton((0.1, 0.2, 0.3))"
   ]
  },
  {
   "cell_type": "code",
   "execution_count": 7,
   "metadata": {},
   "outputs": [
    {
     "data": {
      "text/plain": [
       "array([-4.90308606, -4.90305245,  2.86115502,  2.86116788,  4.16117677,\n",
       "        4.16120036,  5.26826187,  5.2682822 ,  8.61672255,  8.61676031,\n",
       "        9.98343812,  9.98345273, 10.96337749, 10.96342905, 11.32361416,\n",
       "       11.32365939])"
      ]
     },
     "execution_count": 7,
     "metadata": {},
     "output_type": "execute_result"
    }
   ],
   "source": [
    "model.eigenval((0.1, 0.2, 0.3))"
   ]
  },
  {
   "cell_type": "markdown",
   "metadata": {},
   "source": [
    "### Plot bandstructure with bands-inspect"
   ]
  },
  {
   "cell_type": "code",
   "execution_count": 8,
   "metadata": {},
   "outputs": [],
   "source": [
    "%%capture\n",
    "%%bash\n",
    "pip install bands-inspect"
   ]
  },
  {
   "cell_type": "code",
   "execution_count": 9,
   "metadata": {},
   "outputs": [],
   "source": [
    "import bands_inspect as bi"
   ]
  },
  {
   "cell_type": "code",
   "execution_count": 10,
   "metadata": {},
   "outputs": [],
   "source": [
    "kpts_path = bi.kpoints.KpointsPath(\n",
    "    paths=[[r'$\\Gamma$', 'X', 'U'], ['K', r'$\\Gamma$', 'L', 'W', 'X']],\n",
    "    special_points={\n",
    "        r'$\\Gamma$': (0, 0, 0),\n",
    "        'X': (0.5, 0, 0.5),\n",
    "        'U': (0.625, 0.25, 0.625),\n",
    "        'K': (0.375, 0.375, 0.75),\n",
    "        'L': (0.5, 0.5, 0.5),\n",
    "        'W': (0.5, 0.25, 0.75),\n",
    "    },\n",
    "    unit_cell=model.uc,\n",
    "    kpoint_distance=0.01)"
   ]
  },
  {
   "cell_type": "code",
   "execution_count": 11,
   "metadata": {},
   "outputs": [],
   "source": [
    "eigenvals = bi.eigenvals.EigenvalsData.from_eigenval_function(\n",
    "    kpoints=kpts_path,\n",
    "    eigenval_function=model.eigenval\n",
    ")"
   ]
  },
  {
   "cell_type": "code",
   "execution_count": 24,
   "metadata": {},
   "outputs": [
    {
     "data": {
      "application/javascript": [
       "/* Put everything inside the global mpl namespace */\n",
       "window.mpl = {};\n",
       "\n",
       "\n",
       "mpl.get_websocket_type = function() {\n",
       "    if (typeof(WebSocket) !== 'undefined') {\n",
       "        return WebSocket;\n",
       "    } else if (typeof(MozWebSocket) !== 'undefined') {\n",
       "        return MozWebSocket;\n",
       "    } else {\n",
       "        alert('Your browser does not have WebSocket support.' +\n",
       "              'Please try Chrome, Safari or Firefox ≥ 6. ' +\n",
       "              'Firefox 4 and 5 are also supported but you ' +\n",
       "              'have to enable WebSockets in about:config.');\n",
       "    };\n",
       "}\n",
       "\n",
       "mpl.figure = function(figure_id, websocket, ondownload, parent_element) {\n",
       "    this.id = figure_id;\n",
       "\n",
       "    this.ws = websocket;\n",
       "\n",
       "    this.supports_binary = (this.ws.binaryType != undefined);\n",
       "\n",
       "    if (!this.supports_binary) {\n",
       "        var warnings = document.getElementById(\"mpl-warnings\");\n",
       "        if (warnings) {\n",
       "            warnings.style.display = 'block';\n",
       "            warnings.textContent = (\n",
       "                \"This browser does not support binary websocket messages. \" +\n",
       "                    \"Performance may be slow.\");\n",
       "        }\n",
       "    }\n",
       "\n",
       "    this.imageObj = new Image();\n",
       "\n",
       "    this.context = undefined;\n",
       "    this.message = undefined;\n",
       "    this.canvas = undefined;\n",
       "    this.rubberband_canvas = undefined;\n",
       "    this.rubberband_context = undefined;\n",
       "    this.format_dropdown = undefined;\n",
       "\n",
       "    this.image_mode = 'full';\n",
       "\n",
       "    this.root = $('<div/>');\n",
       "    this._root_extra_style(this.root)\n",
       "    this.root.attr('style', 'display: inline-block');\n",
       "\n",
       "    $(parent_element).append(this.root);\n",
       "\n",
       "    this._init_header(this);\n",
       "    this._init_canvas(this);\n",
       "    this._init_toolbar(this);\n",
       "\n",
       "    var fig = this;\n",
       "\n",
       "    this.waiting = false;\n",
       "\n",
       "    this.ws.onopen =  function () {\n",
       "            fig.send_message(\"supports_binary\", {value: fig.supports_binary});\n",
       "            fig.send_message(\"send_image_mode\", {});\n",
       "            if (mpl.ratio != 1) {\n",
       "                fig.send_message(\"set_dpi_ratio\", {'dpi_ratio': mpl.ratio});\n",
       "            }\n",
       "            fig.send_message(\"refresh\", {});\n",
       "        }\n",
       "\n",
       "    this.imageObj.onload = function() {\n",
       "            if (fig.image_mode == 'full') {\n",
       "                // Full images could contain transparency (where diff images\n",
       "                // almost always do), so we need to clear the canvas so that\n",
       "                // there is no ghosting.\n",
       "                fig.context.clearRect(0, 0, fig.canvas.width, fig.canvas.height);\n",
       "            }\n",
       "            fig.context.drawImage(fig.imageObj, 0, 0);\n",
       "        };\n",
       "\n",
       "    this.imageObj.onunload = function() {\n",
       "        fig.ws.close();\n",
       "    }\n",
       "\n",
       "    this.ws.onmessage = this._make_on_message_function(this);\n",
       "\n",
       "    this.ondownload = ondownload;\n",
       "}\n",
       "\n",
       "mpl.figure.prototype._init_header = function() {\n",
       "    var titlebar = $(\n",
       "        '<div class=\"ui-dialog-titlebar ui-widget-header ui-corner-all ' +\n",
       "        'ui-helper-clearfix\"/>');\n",
       "    var titletext = $(\n",
       "        '<div class=\"ui-dialog-title\" style=\"width: 100%; ' +\n",
       "        'text-align: center; padding: 3px;\"/>');\n",
       "    titlebar.append(titletext)\n",
       "    this.root.append(titlebar);\n",
       "    this.header = titletext[0];\n",
       "}\n",
       "\n",
       "\n",
       "\n",
       "mpl.figure.prototype._canvas_extra_style = function(canvas_div) {\n",
       "\n",
       "}\n",
       "\n",
       "\n",
       "mpl.figure.prototype._root_extra_style = function(canvas_div) {\n",
       "\n",
       "}\n",
       "\n",
       "mpl.figure.prototype._init_canvas = function() {\n",
       "    var fig = this;\n",
       "\n",
       "    var canvas_div = $('<div/>');\n",
       "\n",
       "    canvas_div.attr('style', 'position: relative; clear: both; outline: 0');\n",
       "\n",
       "    function canvas_keyboard_event(event) {\n",
       "        return fig.key_event(event, event['data']);\n",
       "    }\n",
       "\n",
       "    canvas_div.keydown('key_press', canvas_keyboard_event);\n",
       "    canvas_div.keyup('key_release', canvas_keyboard_event);\n",
       "    this.canvas_div = canvas_div\n",
       "    this._canvas_extra_style(canvas_div)\n",
       "    this.root.append(canvas_div);\n",
       "\n",
       "    var canvas = $('<canvas/>');\n",
       "    canvas.addClass('mpl-canvas');\n",
       "    canvas.attr('style', \"left: 0; top: 0; z-index: 0; outline: 0\")\n",
       "\n",
       "    this.canvas = canvas[0];\n",
       "    this.context = canvas[0].getContext(\"2d\");\n",
       "\n",
       "    var backingStore = this.context.backingStorePixelRatio ||\n",
       "\tthis.context.webkitBackingStorePixelRatio ||\n",
       "\tthis.context.mozBackingStorePixelRatio ||\n",
       "\tthis.context.msBackingStorePixelRatio ||\n",
       "\tthis.context.oBackingStorePixelRatio ||\n",
       "\tthis.context.backingStorePixelRatio || 1;\n",
       "\n",
       "    mpl.ratio = (window.devicePixelRatio || 1) / backingStore;\n",
       "\n",
       "    var rubberband = $('<canvas/>');\n",
       "    rubberband.attr('style', \"position: absolute; left: 0; top: 0; z-index: 1;\")\n",
       "\n",
       "    var pass_mouse_events = true;\n",
       "\n",
       "    canvas_div.resizable({\n",
       "        start: function(event, ui) {\n",
       "            pass_mouse_events = false;\n",
       "        },\n",
       "        resize: function(event, ui) {\n",
       "            fig.request_resize(ui.size.width, ui.size.height);\n",
       "        },\n",
       "        stop: function(event, ui) {\n",
       "            pass_mouse_events = true;\n",
       "            fig.request_resize(ui.size.width, ui.size.height);\n",
       "        },\n",
       "    });\n",
       "\n",
       "    function mouse_event_fn(event) {\n",
       "        if (pass_mouse_events)\n",
       "            return fig.mouse_event(event, event['data']);\n",
       "    }\n",
       "\n",
       "    rubberband.mousedown('button_press', mouse_event_fn);\n",
       "    rubberband.mouseup('button_release', mouse_event_fn);\n",
       "    // Throttle sequential mouse events to 1 every 20ms.\n",
       "    rubberband.mousemove('motion_notify', mouse_event_fn);\n",
       "\n",
       "    rubberband.mouseenter('figure_enter', mouse_event_fn);\n",
       "    rubberband.mouseleave('figure_leave', mouse_event_fn);\n",
       "\n",
       "    canvas_div.on(\"wheel\", function (event) {\n",
       "        event = event.originalEvent;\n",
       "        event['data'] = 'scroll'\n",
       "        if (event.deltaY < 0) {\n",
       "            event.step = 1;\n",
       "        } else {\n",
       "            event.step = -1;\n",
       "        }\n",
       "        mouse_event_fn(event);\n",
       "    });\n",
       "\n",
       "    canvas_div.append(canvas);\n",
       "    canvas_div.append(rubberband);\n",
       "\n",
       "    this.rubberband = rubberband;\n",
       "    this.rubberband_canvas = rubberband[0];\n",
       "    this.rubberband_context = rubberband[0].getContext(\"2d\");\n",
       "    this.rubberband_context.strokeStyle = \"#000000\";\n",
       "\n",
       "    this._resize_canvas = function(width, height) {\n",
       "        // Keep the size of the canvas, canvas container, and rubber band\n",
       "        // canvas in synch.\n",
       "        canvas_div.css('width', width)\n",
       "        canvas_div.css('height', height)\n",
       "\n",
       "        canvas.attr('width', width * mpl.ratio);\n",
       "        canvas.attr('height', height * mpl.ratio);\n",
       "        canvas.attr('style', 'width: ' + width + 'px; height: ' + height + 'px;');\n",
       "\n",
       "        rubberband.attr('width', width);\n",
       "        rubberband.attr('height', height);\n",
       "    }\n",
       "\n",
       "    // Set the figure to an initial 600x600px, this will subsequently be updated\n",
       "    // upon first draw.\n",
       "    this._resize_canvas(600, 600);\n",
       "\n",
       "    // Disable right mouse context menu.\n",
       "    $(this.rubberband_canvas).bind(\"contextmenu\",function(e){\n",
       "        return false;\n",
       "    });\n",
       "\n",
       "    function set_focus () {\n",
       "        canvas.focus();\n",
       "        canvas_div.focus();\n",
       "    }\n",
       "\n",
       "    window.setTimeout(set_focus, 100);\n",
       "}\n",
       "\n",
       "mpl.figure.prototype._init_toolbar = function() {\n",
       "    var fig = this;\n",
       "\n",
       "    var nav_element = $('<div/>')\n",
       "    nav_element.attr('style', 'width: 100%');\n",
       "    this.root.append(nav_element);\n",
       "\n",
       "    // Define a callback function for later on.\n",
       "    function toolbar_event(event) {\n",
       "        return fig.toolbar_button_onclick(event['data']);\n",
       "    }\n",
       "    function toolbar_mouse_event(event) {\n",
       "        return fig.toolbar_button_onmouseover(event['data']);\n",
       "    }\n",
       "\n",
       "    for(var toolbar_ind in mpl.toolbar_items) {\n",
       "        var name = mpl.toolbar_items[toolbar_ind][0];\n",
       "        var tooltip = mpl.toolbar_items[toolbar_ind][1];\n",
       "        var image = mpl.toolbar_items[toolbar_ind][2];\n",
       "        var method_name = mpl.toolbar_items[toolbar_ind][3];\n",
       "\n",
       "        if (!name) {\n",
       "            // put a spacer in here.\n",
       "            continue;\n",
       "        }\n",
       "        var button = $('<button/>');\n",
       "        button.addClass('ui-button ui-widget ui-state-default ui-corner-all ' +\n",
       "                        'ui-button-icon-only');\n",
       "        button.attr('role', 'button');\n",
       "        button.attr('aria-disabled', 'false');\n",
       "        button.click(method_name, toolbar_event);\n",
       "        button.mouseover(tooltip, toolbar_mouse_event);\n",
       "\n",
       "        var icon_img = $('<span/>');\n",
       "        icon_img.addClass('ui-button-icon-primary ui-icon');\n",
       "        icon_img.addClass(image);\n",
       "        icon_img.addClass('ui-corner-all');\n",
       "\n",
       "        var tooltip_span = $('<span/>');\n",
       "        tooltip_span.addClass('ui-button-text');\n",
       "        tooltip_span.html(tooltip);\n",
       "\n",
       "        button.append(icon_img);\n",
       "        button.append(tooltip_span);\n",
       "\n",
       "        nav_element.append(button);\n",
       "    }\n",
       "\n",
       "    var fmt_picker_span = $('<span/>');\n",
       "\n",
       "    var fmt_picker = $('<select/>');\n",
       "    fmt_picker.addClass('mpl-toolbar-option ui-widget ui-widget-content');\n",
       "    fmt_picker_span.append(fmt_picker);\n",
       "    nav_element.append(fmt_picker_span);\n",
       "    this.format_dropdown = fmt_picker[0];\n",
       "\n",
       "    for (var ind in mpl.extensions) {\n",
       "        var fmt = mpl.extensions[ind];\n",
       "        var option = $(\n",
       "            '<option/>', {selected: fmt === mpl.default_extension}).html(fmt);\n",
       "        fmt_picker.append(option)\n",
       "    }\n",
       "\n",
       "    // Add hover states to the ui-buttons\n",
       "    $( \".ui-button\" ).hover(\n",
       "        function() { $(this).addClass(\"ui-state-hover\");},\n",
       "        function() { $(this).removeClass(\"ui-state-hover\");}\n",
       "    );\n",
       "\n",
       "    var status_bar = $('<span class=\"mpl-message\"/>');\n",
       "    nav_element.append(status_bar);\n",
       "    this.message = status_bar[0];\n",
       "}\n",
       "\n",
       "mpl.figure.prototype.request_resize = function(x_pixels, y_pixels) {\n",
       "    // Request matplotlib to resize the figure. Matplotlib will then trigger a resize in the client,\n",
       "    // which will in turn request a refresh of the image.\n",
       "    this.send_message('resize', {'width': x_pixels, 'height': y_pixels});\n",
       "}\n",
       "\n",
       "mpl.figure.prototype.send_message = function(type, properties) {\n",
       "    properties['type'] = type;\n",
       "    properties['figure_id'] = this.id;\n",
       "    this.ws.send(JSON.stringify(properties));\n",
       "}\n",
       "\n",
       "mpl.figure.prototype.send_draw_message = function() {\n",
       "    if (!this.waiting) {\n",
       "        this.waiting = true;\n",
       "        this.ws.send(JSON.stringify({type: \"draw\", figure_id: this.id}));\n",
       "    }\n",
       "}\n",
       "\n",
       "\n",
       "mpl.figure.prototype.handle_save = function(fig, msg) {\n",
       "    var format_dropdown = fig.format_dropdown;\n",
       "    var format = format_dropdown.options[format_dropdown.selectedIndex].value;\n",
       "    fig.ondownload(fig, format);\n",
       "}\n",
       "\n",
       "\n",
       "mpl.figure.prototype.handle_resize = function(fig, msg) {\n",
       "    var size = msg['size'];\n",
       "    if (size[0] != fig.canvas.width || size[1] != fig.canvas.height) {\n",
       "        fig._resize_canvas(size[0], size[1]);\n",
       "        fig.send_message(\"refresh\", {});\n",
       "    };\n",
       "}\n",
       "\n",
       "mpl.figure.prototype.handle_rubberband = function(fig, msg) {\n",
       "    var x0 = msg['x0'] / mpl.ratio;\n",
       "    var y0 = (fig.canvas.height - msg['y0']) / mpl.ratio;\n",
       "    var x1 = msg['x1'] / mpl.ratio;\n",
       "    var y1 = (fig.canvas.height - msg['y1']) / mpl.ratio;\n",
       "    x0 = Math.floor(x0) + 0.5;\n",
       "    y0 = Math.floor(y0) + 0.5;\n",
       "    x1 = Math.floor(x1) + 0.5;\n",
       "    y1 = Math.floor(y1) + 0.5;\n",
       "    var min_x = Math.min(x0, x1);\n",
       "    var min_y = Math.min(y0, y1);\n",
       "    var width = Math.abs(x1 - x0);\n",
       "    var height = Math.abs(y1 - y0);\n",
       "\n",
       "    fig.rubberband_context.clearRect(\n",
       "        0, 0, fig.canvas.width, fig.canvas.height);\n",
       "\n",
       "    fig.rubberband_context.strokeRect(min_x, min_y, width, height);\n",
       "}\n",
       "\n",
       "mpl.figure.prototype.handle_figure_label = function(fig, msg) {\n",
       "    // Updates the figure title.\n",
       "    fig.header.textContent = msg['label'];\n",
       "}\n",
       "\n",
       "mpl.figure.prototype.handle_cursor = function(fig, msg) {\n",
       "    var cursor = msg['cursor'];\n",
       "    switch(cursor)\n",
       "    {\n",
       "    case 0:\n",
       "        cursor = 'pointer';\n",
       "        break;\n",
       "    case 1:\n",
       "        cursor = 'default';\n",
       "        break;\n",
       "    case 2:\n",
       "        cursor = 'crosshair';\n",
       "        break;\n",
       "    case 3:\n",
       "        cursor = 'move';\n",
       "        break;\n",
       "    }\n",
       "    fig.rubberband_canvas.style.cursor = cursor;\n",
       "}\n",
       "\n",
       "mpl.figure.prototype.handle_message = function(fig, msg) {\n",
       "    fig.message.textContent = msg['message'];\n",
       "}\n",
       "\n",
       "mpl.figure.prototype.handle_draw = function(fig, msg) {\n",
       "    // Request the server to send over a new figure.\n",
       "    fig.send_draw_message();\n",
       "}\n",
       "\n",
       "mpl.figure.prototype.handle_image_mode = function(fig, msg) {\n",
       "    fig.image_mode = msg['mode'];\n",
       "}\n",
       "\n",
       "mpl.figure.prototype.updated_canvas_event = function() {\n",
       "    // Called whenever the canvas gets updated.\n",
       "    this.send_message(\"ack\", {});\n",
       "}\n",
       "\n",
       "// A function to construct a web socket function for onmessage handling.\n",
       "// Called in the figure constructor.\n",
       "mpl.figure.prototype._make_on_message_function = function(fig) {\n",
       "    return function socket_on_message(evt) {\n",
       "        if (evt.data instanceof Blob) {\n",
       "            /* FIXME: We get \"Resource interpreted as Image but\n",
       "             * transferred with MIME type text/plain:\" errors on\n",
       "             * Chrome.  But how to set the MIME type?  It doesn't seem\n",
       "             * to be part of the websocket stream */\n",
       "            evt.data.type = \"image/png\";\n",
       "\n",
       "            /* Free the memory for the previous frames */\n",
       "            if (fig.imageObj.src) {\n",
       "                (window.URL || window.webkitURL).revokeObjectURL(\n",
       "                    fig.imageObj.src);\n",
       "            }\n",
       "\n",
       "            fig.imageObj.src = (window.URL || window.webkitURL).createObjectURL(\n",
       "                evt.data);\n",
       "            fig.updated_canvas_event();\n",
       "            fig.waiting = false;\n",
       "            return;\n",
       "        }\n",
       "        else if (typeof evt.data === 'string' && evt.data.slice(0, 21) == \"data:image/png;base64\") {\n",
       "            fig.imageObj.src = evt.data;\n",
       "            fig.updated_canvas_event();\n",
       "            fig.waiting = false;\n",
       "            return;\n",
       "        }\n",
       "\n",
       "        var msg = JSON.parse(evt.data);\n",
       "        var msg_type = msg['type'];\n",
       "\n",
       "        // Call the  \"handle_{type}\" callback, which takes\n",
       "        // the figure and JSON message as its only arguments.\n",
       "        try {\n",
       "            var callback = fig[\"handle_\" + msg_type];\n",
       "        } catch (e) {\n",
       "            console.log(\"No handler for the '\" + msg_type + \"' message type: \", msg);\n",
       "            return;\n",
       "        }\n",
       "\n",
       "        if (callback) {\n",
       "            try {\n",
       "                // console.log(\"Handling '\" + msg_type + \"' message: \", msg);\n",
       "                callback(fig, msg);\n",
       "            } catch (e) {\n",
       "                console.log(\"Exception inside the 'handler_\" + msg_type + \"' callback:\", e, e.stack, msg);\n",
       "            }\n",
       "        }\n",
       "    };\n",
       "}\n",
       "\n",
       "// from http://stackoverflow.com/questions/1114465/getting-mouse-location-in-canvas\n",
       "mpl.findpos = function(e) {\n",
       "    //this section is from http://www.quirksmode.org/js/events_properties.html\n",
       "    var targ;\n",
       "    if (!e)\n",
       "        e = window.event;\n",
       "    if (e.target)\n",
       "        targ = e.target;\n",
       "    else if (e.srcElement)\n",
       "        targ = e.srcElement;\n",
       "    if (targ.nodeType == 3) // defeat Safari bug\n",
       "        targ = targ.parentNode;\n",
       "\n",
       "    // jQuery normalizes the pageX and pageY\n",
       "    // pageX,Y are the mouse positions relative to the document\n",
       "    // offset() returns the position of the element relative to the document\n",
       "    var x = e.pageX - $(targ).offset().left;\n",
       "    var y = e.pageY - $(targ).offset().top;\n",
       "\n",
       "    return {\"x\": x, \"y\": y};\n",
       "};\n",
       "\n",
       "/*\n",
       " * return a copy of an object with only non-object keys\n",
       " * we need this to avoid circular references\n",
       " * http://stackoverflow.com/a/24161582/3208463\n",
       " */\n",
       "function simpleKeys (original) {\n",
       "  return Object.keys(original).reduce(function (obj, key) {\n",
       "    if (typeof original[key] !== 'object')\n",
       "        obj[key] = original[key]\n",
       "    return obj;\n",
       "  }, {});\n",
       "}\n",
       "\n",
       "mpl.figure.prototype.mouse_event = function(event, name) {\n",
       "    var canvas_pos = mpl.findpos(event)\n",
       "\n",
       "    if (name === 'button_press')\n",
       "    {\n",
       "        this.canvas.focus();\n",
       "        this.canvas_div.focus();\n",
       "    }\n",
       "\n",
       "    var x = canvas_pos.x * mpl.ratio;\n",
       "    var y = canvas_pos.y * mpl.ratio;\n",
       "\n",
       "    this.send_message(name, {x: x, y: y, button: event.button,\n",
       "                             step: event.step,\n",
       "                             guiEvent: simpleKeys(event)});\n",
       "\n",
       "    /* This prevents the web browser from automatically changing to\n",
       "     * the text insertion cursor when the button is pressed.  We want\n",
       "     * to control all of the cursor setting manually through the\n",
       "     * 'cursor' event from matplotlib */\n",
       "    event.preventDefault();\n",
       "    return false;\n",
       "}\n",
       "\n",
       "mpl.figure.prototype._key_event_extra = function(event, name) {\n",
       "    // Handle any extra behaviour associated with a key event\n",
       "}\n",
       "\n",
       "mpl.figure.prototype.key_event = function(event, name) {\n",
       "\n",
       "    // Prevent repeat events\n",
       "    if (name == 'key_press')\n",
       "    {\n",
       "        if (event.which === this._key)\n",
       "            return;\n",
       "        else\n",
       "            this._key = event.which;\n",
       "    }\n",
       "    if (name == 'key_release')\n",
       "        this._key = null;\n",
       "\n",
       "    var value = '';\n",
       "    if (event.ctrlKey && event.which != 17)\n",
       "        value += \"ctrl+\";\n",
       "    if (event.altKey && event.which != 18)\n",
       "        value += \"alt+\";\n",
       "    if (event.shiftKey && event.which != 16)\n",
       "        value += \"shift+\";\n",
       "\n",
       "    value += 'k';\n",
       "    value += event.which.toString();\n",
       "\n",
       "    this._key_event_extra(event, name);\n",
       "\n",
       "    this.send_message(name, {key: value,\n",
       "                             guiEvent: simpleKeys(event)});\n",
       "    return false;\n",
       "}\n",
       "\n",
       "mpl.figure.prototype.toolbar_button_onclick = function(name) {\n",
       "    if (name == 'download') {\n",
       "        this.handle_save(this, null);\n",
       "    } else {\n",
       "        this.send_message(\"toolbar_button\", {name: name});\n",
       "    }\n",
       "};\n",
       "\n",
       "mpl.figure.prototype.toolbar_button_onmouseover = function(tooltip) {\n",
       "    this.message.textContent = tooltip;\n",
       "};\n",
       "mpl.toolbar_items = [[\"Home\", \"Reset original view\", \"fa fa-home icon-home\", \"home\"], [\"Back\", \"Back to previous view\", \"fa fa-arrow-left icon-arrow-left\", \"back\"], [\"Forward\", \"Forward to next view\", \"fa fa-arrow-right icon-arrow-right\", \"forward\"], [\"\", \"\", \"\", \"\"], [\"Pan\", \"Pan axes with left mouse, zoom with right\", \"fa fa-arrows icon-move\", \"pan\"], [\"Zoom\", \"Zoom to rectangle\", \"fa fa-square-o icon-check-empty\", \"zoom\"], [\"\", \"\", \"\", \"\"], [\"Download\", \"Download plot\", \"fa fa-floppy-o icon-save\", \"download\"]];\n",
       "\n",
       "mpl.extensions = [\"eps\", \"pdf\", \"png\", \"ps\", \"raw\", \"svg\"];\n",
       "\n",
       "mpl.default_extension = \"png\";var comm_websocket_adapter = function(comm) {\n",
       "    // Create a \"websocket\"-like object which calls the given IPython comm\n",
       "    // object with the appropriate methods. Currently this is a non binary\n",
       "    // socket, so there is still some room for performance tuning.\n",
       "    var ws = {};\n",
       "\n",
       "    ws.close = function() {\n",
       "        comm.close()\n",
       "    };\n",
       "    ws.send = function(m) {\n",
       "        //console.log('sending', m);\n",
       "        comm.send(m);\n",
       "    };\n",
       "    // Register the callback with on_msg.\n",
       "    comm.on_msg(function(msg) {\n",
       "        //console.log('receiving', msg['content']['data'], msg);\n",
