{
 "cells": [
  {
   "cell_type": "markdown",
   "metadata": {},
   "source": [
    "# TBmodels"
   ]
  },
  {
   "cell_type": "markdown",
   "metadata": {},
   "source": [
    "## Setup"
   ]
  },
  {
   "cell_type": "code",
   "execution_count": 1,
   "metadata": {},
   "outputs": [],
   "source": [
    "%%capture\n",
    "%%bash\n",
    "pip install tbmodels"
   ]
  },
  {
   "cell_type": "code",
   "execution_count": 2,
   "metadata": {},
   "outputs": [],
   "source": [
    "import tbmodels"
   ]
  },
  {
   "cell_type": "markdown",
   "metadata": {},
   "source": [
    "## Load model from Wannier90 output"
   ]
  },
  {
   "cell_type": "code",
   "execution_count": 3,
   "metadata": {},
   "outputs": [],
   "source": [
    "tbmodels.Model.from_wannier_folder?"
   ]
  },
  {
   "cell_type": "code",
   "execution_count": 4,
   "metadata": {},
   "outputs": [],
   "source": [
    "tbmodels.Model.from_wannier_files?"
   ]
  },
  {
   "cell_type": "code",
   "execution_count": 5,
   "metadata": {},
   "outputs": [],
   "source": [
    "model = tbmodels.Model.from_wannier_folder(folder='wannier_output', prefix='wannier90', pos_kind='nearest_atom')"
   ]
  },
  {
   "cell_type": "markdown",
   "metadata": {},
   "source": [
    "The model can be used to directly evaluate the Hamiltonian or bandstructure at a given k-point (in reduced coordinates):"
   ]
  },
  {
   "cell_type": "code",
   "execution_count": 6,
   "metadata": {},
   "outputs": [
    {
     "data": {
      "text/plain": [
       "array([[ 5.92456176e+00+0.00000000e+00j, -1.26761836e+00-7.09414102e-01j,\n",
       "        -6.54638279e-01-3.67497646e-01j, -8.26511544e-02-4.92022704e-01j,\n",
       "         4.20711355e-01+2.38671279e+00j, -2.53722386e+00-7.87317936e-01j,\n",
       "        -2.22023247e+00-9.38232311e-01j, -2.72879663e+00-1.55198157e+00j,\n",
       "        -5.10916029e-05+1.29059858e-04j, -6.00034669e-03-4.13196081e-04j,\n",
       "         1.29446760e-03+6.04194277e-03j,  4.94313517e-03-7.32471539e-03j,\n",
       "         2.38228083e-04-1.11908892e-03j,  9.76643906e-04-2.27488476e-03j,\n",
       "        -2.24219473e-03-7.85002436e-04j,  1.52394645e-03+1.93713830e-03j],\n",
       "       [-1.26761836e+00+7.09414102e-01j,  6.26494753e+00+0.00000000e+00j,\n",
       "        -1.36063905e+00+7.84800890e-02j, -6.53546182e-01-3.55089964e-01j,\n",
       "        -1.49932682e+00+1.87590249e+00j,  6.26531167e-01+6.39154631e-01j,\n",
       "        -1.68809457e+00+1.10180612e+00j, -2.43466978e+00+8.15650031e-01j,\n",
       "         5.71053578e-03+7.55084222e-04j,  6.48144064e-05-6.97060777e-04j,\n",
       "        -6.36958175e-03-6.93415728e-03j,  1.29636971e-03+6.04256080e-03j,\n",
       "        -8.08593988e-05+8.60218244e-04j,  6.21391090e-04-3.02194678e-04j,\n",
       "         1.02232463e-03-9.56934949e-04j, -2.91174815e-04-2.06257549e-04j],\n",
       "       [-6.54638279e-01+3.67497646e-01j, -1.36063905e+00-7.84800890e-02j,\n",
       "         6.26537464e+00+0.00000000e+00j, -1.26845790e+00-7.21431337e-01j,\n",
       "        -2.44527782e-02+2.56395768e+00j, -5.27544356e-01+1.94726500e+00j,\n",
       "        -8.00284641e-01-4.00483273e-01j, -1.31718382e+00+2.00581432e+00j,\n",
       "         2.94495349e-04-7.32464754e-03j,  5.42103294e-03+6.70102068e-03j,\n",
       "         6.42755646e-05-6.97560777e-04j, -6.00277374e-03-4.11432725e-04j,\n",
       "         2.89322166e-04-9.76159056e-05j, -2.60034306e-03+8.71202203e-04j,\n",
       "        -2.19450412e-03+2.13148701e-04j,  9.90792532e-05-5.40236716e-04j],\n",
       "       [-8.26511544e-02+4.92022704e-01j, -6.53546182e-01+3.55089964e-01j,\n",
       "        -1.26845790e+00+7.21431337e-01j,  5.92469531e+00+0.00000000e+00j,\n",
       "         2.31922463e+00+2.11615160e+00j,  1.58080228e+00+1.82339665e+00j,\n",
       "         1.53072614e+00+2.16756364e+00j, -2.39962676e+00+3.37508737e-01j,\n",
       "        -7.43637034e-03+6.09513545e-03j,  2.96397463e-04-7.32526558e-03j,\n",
       "         5.71215382e-03+7.56259793e-04j, -5.20916029e-05+1.29059858e-04j,\n",
       "         3.57369823e-05-1.84775638e-03j,  2.23585823e-03+1.09295508e-03j,\n",
       "        -9.71341607e-04+1.96340292e-03j,  1.31508406e-03+1.21344558e-03j],\n",
       "       [ 4.20711355e-01-2.38671279e+00j, -1.49932682e+00-1.87590249e+00j,\n",
       "        -2.44527782e-02-2.56395768e+00j,  2.31922463e+00-2.11615160e+00j,\n",
       "         5.45578100e+00+0.00000000e+00j, -1.26818141e+00-2.79053342e-01j,\n",
       "        -6.54020431e-01-2.12785782e-01j, -5.51387321e-01-1.07672701e+00j,\n",
       "        -1.55998759e-03+8.74514134e-04j,  4.82923713e-04+2.62672296e-04j,\n",
       "         2.86591608e-04-2.14416442e-04j, -2.31361663e-03+8.51250545e-04j,\n",
       "        -4.07077351e-04+3.60672688e-05j, -5.91780744e-03-2.39847365e-04j,\n",
       "        -9.33827242e-04+7.41587208e-03j,  6.16523615e-03-5.32281806e-03j],\n",
       "       [-2.53722386e+00+7.87317936e-01j,  6.26531167e-01-6.39154631e-01j,\n",
       "        -5.27544356e-01-1.94726500e+00j,  1.58080228e+00-1.82339665e+00j,\n",
       "        -1.26818141e+00+2.79053342e-01j,  6.73484571e+00+0.00000000e+00j,\n",
       "        -8.91905204e-01+3.54120328e-01j, -6.54145922e-01-2.00762903e-01j,\n",
       "        -1.56614608e-03-1.53114367e-03j,  4.74613589e-04-2.15237623e-03j,\n",
       "         5.94771318e-04+1.26718865e-03j,  1.43895796e-03-1.88643386e-03j,\n",
       "         6.17301392e-03-1.15444607e-04j,  3.82456960e-04+5.33787299e-04j,\n",
       "        -5.42863671e-03-7.31203439e-03j, -9.34415027e-04+7.41668110e-03j],\n",
       "       [-2.22023247e+00+9.38232311e-01j, -1.68809457e+00-1.10180612e+00j,\n",
       "        -8.00284641e-01+4.00483273e-01j,  1.53072614e+00-2.16756364e+00j,\n",
       "        -6.54020431e-01+2.12785782e-01j, -8.91905204e-01-3.54120328e-01j,\n",
       "         6.73292223e+00+0.00000000e+00j, -1.26791003e+00-2.91439578e-01j,\n",
       "        -1.72926221e-03+1.78552896e-03j, -2.47033191e-05-2.74179809e-03j,\n",
       "         9.45747940e-05+6.82773552e-04j,  1.86182360e-03+1.63070357e-03j,\n",
       "        -6.37000120e-04-6.13633293e-03j,  7.25201952e-03+7.22509335e-03j,\n",
       "         3.83320232e-04+5.36444174e-04j, -5.91906752e-03-2.40489404e-04j],\n",
       "       [-2.72879663e+00+1.55198157e+00j, -2.43466978e+00-8.15650031e-01j,\n",
       "        -1.31718382e+00-2.00581432e+00j, -2.39962676e+00-3.37508737e-01j,\n",
       "        -5.51387321e-01+1.07672701e+00j, -6.54145922e-01+2.00762903e-01j,\n",
       "        -1.26791003e+00+2.91439578e-01j,  5.45599869e+00+0.00000000e+00j,\n",
       "         1.74667421e-03+6.03754781e-04j,  4.43277689e-06+3.05326705e-04j,\n",
       "        -7.93938255e-04-3.44136129e-04j,  9.92597084e-04+5.74145938e-04j,\n",
       "        -4.52904780e-03+6.88690325e-03j, -6.36049063e-04-6.13602391e-03j,\n",
       "         6.17106286e-03-1.16135590e-04j, -4.08528407e-04+3.48374441e-05j],\n",
       "       [-5.10916029e-05-1.29059858e-04j,  5.71053578e-03-7.55084222e-04j,\n",
       "         2.94495349e-04+7.32464754e-03j, -7.43637034e-03-6.09513545e-03j,\n",
       "        -1.55998759e-03-8.74514134e-04j, -1.56614608e-03+1.53114367e-03j,\n",
       "        -1.72926221e-03-1.78552896e-03j,  1.74667421e-03-6.03754781e-04j,\n",
       "         5.92470045e+00+0.00000000e+00j, -1.26845933e+00-7.21431027e-01j,\n",
       "        -6.53546373e-01-3.55087197e-01j, -8.26488454e-02-4.92022929e-01j,\n",
       "         4.20541110e-01+2.38647638e+00j, -2.53448530e+00-7.85994244e-01j,\n",
       "        -2.22265112e+00-9.39974660e-01j, -2.72926133e+00-1.55179676e+00j],\n",
       "       [-6.00034669e-03+4.13196081e-04j,  6.48144064e-05+6.97060777e-04j,\n",
       "         5.42103294e-03-6.70102068e-03j,  2.96397463e-04+7.32526558e-03j,\n",
       "         4.82923713e-04-2.62672296e-04j,  4.74613589e-04+2.15237623e-03j,\n",
       "        -2.47033191e-05+2.74179809e-03j,  4.43277689e-06-3.05326705e-04j,\n",
       "        -1.26845933e+00+7.21431027e-01j,  6.26537440e+00+0.00000000e+00j,\n",
       "        -1.36063986e+00+7.84787747e-02j, -6.54635233e-01-3.67499238e-01j,\n",
       "        -1.50060367e+00+1.87255480e+00j,  6.28183708e-01+6.37362638e-01j,\n",
       "        -1.68893928e+00+1.10346673e+00j, -2.43091891e+00+8.15562053e-01j],\n",
       "       [ 1.29446760e-03-6.04194277e-03j, -6.36958175e-03+6.93415728e-03j,\n",
       "         6.42755646e-05+6.97560777e-04j,  5.71215382e-03-7.56259793e-04j,\n",
       "         2.86591608e-04+2.14416442e-04j,  5.94771318e-04-1.26718865e-03j,\n",
       "         9.45747940e-05-6.82773552e-04j, -7.93938255e-04+3.44136129e-04j,\n",
       "        -6.53546373e-01+3.55087197e-01j, -1.36063986e+00-7.84787747e-02j,\n",
       "         6.26495162e+00+0.00000000e+00j, -1.26762128e+00-7.09414049e-01j,\n",
       "        -2.33813800e-02+2.56755356e+00j, -5.26226552e-01+1.94594929e+00j,\n",
       "        -8.01478264e-01-3.98357857e-01j, -1.32076482e+00+2.00563527e+00j],\n",
       "       [ 4.94313517e-03+7.32471539e-03j,  1.29636971e-03-6.04256080e-03j,\n",
       "        -6.00277374e-03+4.11432725e-04j, -5.20916029e-05-1.29059858e-04j,\n",
       "        -2.31361663e-03-8.51250545e-04j,  1.43895796e-03+1.88643386e-03j,\n",
       "         1.86182360e-03-1.63070357e-03j,  9.92597084e-04-5.74145938e-04j,\n",
       "        -8.26488454e-02+4.92022929e-01j, -6.54635233e-01+3.67499238e-01j,\n",
       "        -1.26762128e+00+7.09414049e-01j,  5.92455211e+00+0.00000000e+00j,\n",
       "         2.31925660e+00+2.11565312e+00j,  1.57839468e+00+1.82163442e+00j,\n",
       "         1.53282931e+00+2.16975723e+00j, -2.39990516e+00+3.37419572e-01j],\n",
       "       [ 2.38228083e-04+1.11908892e-03j, -8.08593988e-05-8.60218244e-04j,\n",
       "         2.89322166e-04+9.76159056e-05j,  3.57369823e-05+1.84775638e-03j,\n",
       "        -4.07077351e-04-3.60672688e-05j,  6.17301392e-03+1.15444607e-04j,\n",
       "        -6.37000120e-04+6.13633293e-03j, -4.52904780e-03-6.88690325e-03j,\n",
       "         4.20541110e-01-2.38647638e+00j, -1.50060367e+00-1.87255480e+00j,\n",
       "        -2.33813800e-02-2.56755356e+00j,  2.31925660e+00-2.11565312e+00j,\n",
       "         5.45599508e+00+0.00000000e+00j, -1.26791896e+00-2.91443606e-01j,\n",
       "        -6.54145776e-01-2.00761556e-01j, -5.51386321e-01-1.07672701e+00j],\n",
       "       [ 9.76643906e-04+2.27488476e-03j,  6.21391090e-04+3.02194678e-04j,\n",
       "        -2.60034306e-03-8.71202203e-04j,  2.23585823e-03-1.09295508e-03j,\n",
       "        -5.91780744e-03+2.39847365e-04j,  3.82456960e-04-5.33787299e-04j,\n",
       "         7.25201952e-03-7.22509335e-03j, -6.36049063e-04+6.13602391e-03j,\n",
       "        -2.53448530e+00+7.85994244e-01j,  6.28183708e-01-6.37362638e-01j,\n",
       "        -5.26226552e-01-1.94594929e+00j,  1.57839468e+00-1.82163442e+00j,\n",
       "        -1.26791896e+00+2.91443606e-01j,  6.73292261e+00+0.00000000e+00j,\n",
       "        -8.91905513e-01+3.54118202e-01j, -6.54020268e-01-2.12788080e-01j],\n",
       "       [-2.24219473e-03+7.85002436e-04j,  1.02232463e-03+9.56934949e-04j,\n",
       "        -2.19450412e-03-2.13148701e-04j, -9.71341607e-04-1.96340292e-03j,\n",
       "        -9.33827242e-04-7.41587208e-03j, -5.42863671e-03+7.31203439e-03j,\n",
       "         3.83320232e-04-5.36444174e-04j,  6.17106286e-03+1.16135590e-04j,\n",
       "        -2.22265112e+00+9.39974660e-01j, -1.68893928e+00-1.10346673e+00j,\n",
       "        -8.01478264e-01+3.98357857e-01j,  1.53282931e+00-2.16975723e+00j,\n",
       "        -6.54145776e-01+2.00761556e-01j, -8.91905513e-01-3.54118202e-01j,\n",
       "         6.73484433e+00+0.00000000e+00j, -1.26817324e+00-2.79051215e-01j],\n",
       "       [ 1.52394645e-03-1.93713830e-03j, -2.91174815e-04+2.06257549e-04j,\n",
       "         9.90792532e-05+5.40236716e-04j,  1.31508406e-03-1.21344558e-03j,\n",
       "         6.16523615e-03+5.32281806e-03j, -9.34415027e-04-7.41668110e-03j,\n",
       "        -5.91906752e-03+2.40489404e-04j, -4.08528407e-04-3.48374441e-05j,\n",
       "        -2.72926133e+00+1.55179676e+00j, -2.43091891e+00-8.15562053e-01j,\n",
       "        -1.32076482e+00-2.00563527e+00j, -2.39990516e+00-3.37419572e-01j,\n",
       "        -5.51386321e-01+1.07672701e+00j, -6.54020268e-01+2.12788080e-01j,\n",
       "        -1.26817324e+00+2.79051215e-01j,  5.45578462e+00+0.00000000e+00j]])"
      ]
     },
     "execution_count": 6,
     "metadata": {},
     "output_type": "execute_result"
    }
   ],
   "source": [
    "model.hamilton((0.1, 0.2, 0.3))"
   ]
  },
  {
   "cell_type": "code",
   "execution_count": 7,
   "metadata": {},
   "outputs": [
    {
     "data": {
      "text/plain": [
       "array([-4.90055122, -4.90051734,  2.86117931,  2.86119381,  4.16114406,\n",
       "        4.16118969,  5.26824909,  5.26826944,  8.61673588,  8.61677532,\n",
       "       10.03240428, 10.03241773, 11.01613782, 11.01614393, 11.70372198,\n",
       "       11.70375832])"
      ]
     },
     "execution_count": 7,
     "metadata": {},
     "output_type": "execute_result"
    }
   ],
   "source": [
    "model.eigenval((0.1, 0.2, 0.3))"
   ]
  },
  {
   "cell_type": "markdown",
   "metadata": {},
   "source": [
    "### Plot bandstructure with bands-inspect"
   ]
  },
  {
   "cell_type": "code",
   "execution_count": 8,
   "metadata": {},
   "outputs": [],
   "source": [
    "%%capture\n",
    "%%bash\n",
    "pip install bands-inspect"
   ]
  },
  {
   "cell_type": "code",
   "execution_count": 9,
   "metadata": {},
   "outputs": [],
   "source": [
    "import bands_inspect as bi"
   ]
  },
  {
   "cell_type": "code",
   "execution_count": 10,
   "metadata": {},
   "outputs": [],
   "source": [
    "kpts_path = bi.kpoints.KpointsPath(\n",
    "    paths=[[r'$\\Gamma$', 'X', 'U'], ['K', r'$\\Gamma$', 'L', 'W', 'X']],\n",
    "    special_points={\n",
    "        r'$\\Gamma$': (0, 0, 0),\n",
    "        'X': (0.5, 0, 0.5),\n",
    "        'U': (0.625, 0.25, 0.625),\n",
    "        'K': (0.375, 0.375, 0.75),\n",
    "        'L': (0.5, 0.5, 0.5),\n",
    "        'W': (0.5, 0.25, 0.75),\n",
    "    },\n",
    "    unit_cell=model.uc,\n",
    "    kpoint_distance=0.01)"
   ]
  },
  {
   "cell_type": "code",
   "execution_count": 11,
   "metadata": {},
   "outputs": [],
   "source": [
    "eigenvals = bi.eigenvals.EigenvalsData.from_eigenval_function(\n",
    "    kpoints=kpts_path,\n",
    "    eigenval_function=model.eigenval\n",
    ")"
   ]
  },
  {
   "cell_type": "code",
   "execution_count": 25,
   "metadata": {},
   "outputs": [
    {
     "data": {
      "application/javascript": [
       "/* Put everything inside the global mpl namespace */\n",
       "window.mpl = {};\n",
       "\n",
       "\n",
       "mpl.get_websocket_type = function() {\n",
       "    if (typeof(WebSocket) !== 'undefined') {\n",
       "        return WebSocket;\n",
       "    } else if (typeof(MozWebSocket) !== 'undefined') {\n",
       "        return MozWebSocket;\n",
       "    } else {\n",
       "        alert('Your browser does not have WebSocket support.' +\n",
       "              'Please try Chrome, Safari or Firefox ≥ 6. ' +\n",
       "              'Firefox 4 and 5 are also supported but you ' +\n",
       "              'have to enable WebSockets in about:config.');\n",
       "    };\n",
       "}\n",
       "\n",
       "mpl.figure = function(figure_id, websocket, ondownload, parent_element) {\n",
       "    this.id = figure_id;\n",
       "\n",
       "    this.ws = websocket;\n",
       "\n",
       "    this.supports_binary = (this.ws.binaryType != undefined);\n",
       "\n",
       "    if (!this.supports_binary) {\n",
       "        var warnings = document.getElementById(\"mpl-warnings\");\n",
       "        if (warnings) {\n",
       "            warnings.style.display = 'block';\n",
       "            warnings.textContent = (\n",
       "                \"This browser does not support binary websocket messages. \" +\n",
       "                    \"Performance may be slow.\");\n",
       "        }\n",
       "    }\n",
       "\n",
       "    this.imageObj = new Image();\n",
       "\n",
       "    this.context = undefined;\n",
       "    this.message = undefined;\n",
       "    this.canvas = undefined;\n",
       "    this.rubberband_canvas = undefined;\n",
       "    this.rubberband_context = undefined;\n",
       "    this.format_dropdown = undefined;\n",
       "\n",
       "    this.image_mode = 'full';\n",
       "\n",
       "    this.root = $('<div/>');\n",
       "    this._root_extra_style(this.root)\n",
       "    this.root.attr('style', 'display: inline-block');\n",
       "\n",
       "    $(parent_element).append(this.root);\n",
       "\n",
       "    this._init_header(this);\n",
       "    this._init_canvas(this);\n",
       "    this._init_toolbar(this);\n",
       "\n",
       "    var fig = this;\n",
       "\n",
       "    this.waiting = false;\n",
       "\n",
       "    this.ws.onopen =  function () {\n",
       "            fig.send_message(\"supports_binary\", {value: fig.supports_binary});\n",
       "            fig.send_message(\"send_image_mode\", {});\n",
       "            if (mpl.ratio != 1) {\n",
       "                fig.send_message(\"set_dpi_ratio\", {'dpi_ratio': mpl.ratio});\n",
       "            }\n",
       "            fig.send_message(\"refresh\", {});\n",
       "        }\n",
       "\n",
       "    this.imageObj.onload = function() {\n",
       "            if (fig.image_mode == 'full') {\n",
       "                // Full images could contain transparency (where diff images\n",
       "                // almost always do), so we need to clear the canvas so that\n",
       "                // there is no ghosting.\n",
       "                fig.context.clearRect(0, 0, fig.canvas.width, fig.canvas.height);\n",
       "            }\n",
       "            fig.context.drawImage(fig.imageObj, 0, 0);\n",
       "        };\n",
       "\n",
       "    this.imageObj.onunload = function() {\n",
       "        fig.ws.close();\n",
       "    }\n",
       "\n",
       "    this.ws.onmessage = this._make_on_message_function(this);\n",
       "\n",
       "    this.ondownload = ondownload;\n",
       "}\n",
       "\n",
       "mpl.figure.prototype._init_header = function() {\n",
       "    var titlebar = $(\n",
       "        '<div class=\"ui-dialog-titlebar ui-widget-header ui-corner-all ' +\n",
       "        'ui-helper-clearfix\"/>');\n",
       "    var titletext = $(\n",
       "        '<div class=\"ui-dialog-title\" style=\"width: 100%; ' +\n",
       "        'text-align: center; padding: 3px;\"/>');\n",
       "    titlebar.append(titletext)\n",
       "    this.root.append(titlebar);\n",
       "    this.header = titletext[0];\n",
       "}\n",
       "\n",
       "\n",
       "\n",
       "mpl.figure.prototype._canvas_extra_style = function(canvas_div) {\n",
       "\n",
       "}\n",
       "\n",
       "\n",
       "mpl.figure.prototype._root_extra_style = function(canvas_div) {\n",
       "\n",
       "}\n",
       "\n",
       "mpl.figure.prototype._init_canvas = function() {\n",
       "    var fig = this;\n",
       "\n",
       "    var canvas_div = $('<div/>');\n",
       "\n",
       "    canvas_div.attr('style', 'position: relative; clear: both; outline: 0');\n",
       "\n",
       "    function canvas_keyboard_event(event) {\n",
       "        return fig.key_event(event, event['data']);\n",
       "    }\n",
       "\n",
       "    canvas_div.keydown('key_press', canvas_keyboard_event);\n",
       "    canvas_div.keyup('key_release', canvas_keyboard_event);\n",
       "    this.canvas_div = canvas_div\n",
       "    this._canvas_extra_style(canvas_div)\n",
       "    this.root.append(canvas_div);\n",
       "\n",
       "    var canvas = $('<canvas/>');\n",
       "    canvas.addClass('mpl-canvas');\n",
       "    canvas.attr('style', \"left: 0; top: 0; z-index: 0; outline: 0\")\n",
       "\n",
       "    this.canvas = canvas[0];\n",
       "    this.context = canvas[0].getContext(\"2d\");\n",
       "\n",
       "    var backingStore = this.context.backingStorePixelRatio ||\n",
       "\tthis.context.webkitBackingStorePixelRatio ||\n",
       "\tthis.context.mozBackingStorePixelRatio ||\n",
       "\tthis.context.msBackingStorePixelRatio ||\n",
       "\tthis.context.oBackingStorePixelRatio ||\n",
       "\tthis.context.backingStorePixelRatio || 1;\n",
       "\n",
       "    mpl.ratio = (window.devicePixelRatio || 1) / backingStore;\n",
       "\n",
       "    var rubberband = $('<canvas/>');\n",
       "    rubberband.attr('style', \"position: absolute; left: 0; top: 0; z-index: 1;\")\n",
       "\n",
       "    var pass_mouse_events = true;\n",
       "\n",
       "    canvas_div.resizable({\n",
       "        start: function(event, ui) {\n",
       "            pass_mouse_events = false;\n",
       "        },\n",
       "        resize: function(event, ui) {\n",
       "            fig.request_resize(ui.size.width, ui.size.height);\n",
       "        },\n",
       "        stop: function(event, ui) {\n",
       "            pass_mouse_events = true;\n",
       "            fig.request_resize(ui.size.width, ui.size.height);\n",
       "        },\n",
       "    });\n",
       "\n",
       "    function mouse_event_fn(event) {\n",
       "        if (pass_mouse_events)\n",
       "            return fig.mouse_event(event, event['data']);\n",
       "    }\n",
       "\n",
       "    rubberband.mousedown('button_press', mouse_event_fn);\n",
       "    rubberband.mouseup('button_release', mouse_event_fn);\n",
       "    // Throttle sequential mouse events to 1 every 20ms.\n",
       "    rubberband.mousemove('motion_notify', mouse_event_fn);\n",
       "\n",
       "    rubberband.mouseenter('figure_enter', mouse_event_fn);\n",
       "    rubberband.mouseleave('figure_leave', mouse_event_fn);\n",
       "\n",
       "    canvas_div.on(\"wheel\", function (event) {\n",
       "        event = event.originalEvent;\n",
       "        event['data'] = 'scroll'\n",
       "        if (event.deltaY < 0) {\n",
       "            event.step = 1;\n",
       "        } else {\n",
       "            event.step = -1;\n",
       "        }\n",
       "        mouse_event_fn(event);\n",
       "    });\n",
       "\n",
       "    canvas_div.append(canvas);\n",
       "    canvas_div.append(rubberband);\n",
       "\n",
       "    this.rubberband = rubberband;\n",
       "    this.rubberband_canvas = rubberband[0];\n",
       "    this.rubberband_context = rubberband[0].getContext(\"2d\");\n",
       "    this.rubberband_context.strokeStyle = \"#000000\";\n",
       "\n",
       "    this._resize_canvas = function(width, height) {\n",
       "        // Keep the size of the canvas, canvas container, and rubber band\n",
       "        // canvas in synch.\n",
       "        canvas_div.css('width', width)\n",
       "        canvas_div.css('height', height)\n",
       "\n",
       "        canvas.attr('width', width * mpl.ratio);\n",
       "        canvas.attr('height', height * mpl.ratio);\n",
       "        canvas.attr('style', 'width: ' + width + 'px; height: ' + height + 'px;');\n",
       "\n",
       "        rubberband.attr('width', width);\n",
       "        rubberband.attr('height', height);\n",
       "    }\n",
       "\n",
       "    // Set the figure to an initial 600x600px, this will subsequently be updated\n",
       "    // upon first draw.\n",
       "    this._resize_canvas(600, 600);\n",
       "\n",
       "    // Disable right mouse context menu.\n",
       "    $(this.rubberband_canvas).bind(\"contextmenu\",function(e){\n",
       "        return false;\n",
       "    });\n",
       "\n",
       "    function set_focus () {\n",
       "        canvas.focus();\n",
       "        canvas_div.focus();\n",
       "    }\n",
       "\n",
       "    window.setTimeout(set_focus, 100);\n",
       "}\n",
       "\n",
       "mpl.figure.prototype._init_toolbar = function() {\n",
       "    var fig = this;\n",
       "\n",
       "    var nav_element = $('<div/>')\n",
       "    nav_element.attr('style', 'width: 100%');\n",
       "    this.root.append(nav_element);\n",
       "\n",
       "    // Define a callback function for later on.\n",
       "    function toolbar_event(event) {\n",
       "        return fig.toolbar_button_onclick(event['data']);\n",
       "    }\n",
       "    function toolbar_mouse_event(event) {\n",
       "        return fig.toolbar_button_onmouseover(event['data']);\n",
       "    }\n",
       "\n",
       "    for(var toolbar_ind in mpl.toolbar_items) {\n",
       "        var name = mpl.toolbar_items[toolbar_ind][0];\n",
       "        var tooltip = mpl.toolbar_items[toolbar_ind][1];\n",
       "        var image = mpl.toolbar_items[toolbar_ind][2];\n",
       "        var method_name = mpl.toolbar_items[toolbar_ind][3];\n",
       "\n",
       "        if (!name) {\n",
       "            // put a spacer in here.\n",
       "            continue;\n",
       "        }\n",
       "        var button = $('<button/>');\n",
       "        button.addClass('ui-button ui-widget ui-state-default ui-corner-all ' +\n",
       "                        'ui-button-icon-only');\n",
       "        button.attr('role', 'button');\n",
       "        button.attr('aria-disabled', 'false');\n",
       "        button.click(method_name, toolbar_event);\n",
       "        button.mouseover(tooltip, toolbar_mouse_event);\n",
       "\n",
       "        var icon_img = $('<span/>');\n",
       "        icon_img.addClass('ui-button-icon-primary ui-icon');\n",
       "        icon_img.addClass(image);\n",
       "        icon_img.addClass('ui-corner-all');\n",
       "\n",
       "        var tooltip_span = $('<span/>');\n",
       "        tooltip_span.addClass('ui-button-text');\n",
       "        tooltip_span.html(tooltip);\n",
       "\n",
       "        button.append(icon_img);\n",
       "        button.append(tooltip_span);\n",
       "\n",
       "        nav_element.append(button);\n",
       "    }\n",
       "\n",
       "    var fmt_picker_span = $('<span/>');\n",
       "\n",
       "    var fmt_picker = $('<select/>');\n",
       "    fmt_picker.addClass('mpl-toolbar-option ui-widget ui-widget-content');\n",
       "    fmt_picker_span.append(fmt_picker);\n",
       "    nav_element.append(fmt_picker_span);\n",
       "    this.format_dropdown = fmt_picker[0];\n",
       "\n",
       "    for (var ind in mpl.extensions) {\n",
       "        var fmt = mpl.extensions[ind];\n",
       "        var option = $(\n",
       "            '<option/>', {selected: fmt === mpl.default_extension}).html(fmt);\n",
       "        fmt_picker.append(option)\n",
       "    }\n",
       "\n",
       "    // Add hover states to the ui-buttons\n",
       "    $( \".ui-button\" ).hover(\n",
       "        function() { $(this).addClass(\"ui-state-hover\");},\n",
       "        function() { $(this).removeClass(\"ui-state-hover\");}\n",
       "    );\n",
       "\n",
       "    var status_bar = $('<span class=\"mpl-message\"/>');\n",
       "    nav_element.append(status_bar);\n",
       "    this.message = status_bar[0];\n",
       "}\n",
       "\n",
       "mpl.figure.prototype.request_resize = function(x_pixels, y_pixels) {\n",
       "    // Request matplotlib to resize the figure. Matplotlib will then trigger a resize in the client,\n",
       "    // which will in turn request a refresh of the image.\n",
       "    this.send_message('resize', {'width': x_pixels, 'height': y_pixels});\n",
       "}\n",
       "\n",
       "mpl.figure.prototype.send_message = function(type, properties) {\n",
       "    properties['type'] = type;\n",
       "    properties['figure_id'] = this.id;\n",
       "    this.ws.send(JSON.stringify(properties));\n",
       "}\n",
       "\n",
       "mpl.figure.prototype.send_draw_message = function() {\n",
       "    if (!this.waiting) {\n",
       "        this.waiting = true;\n",
       "        this.ws.send(JSON.stringify({type: \"draw\", figure_id: this.id}));\n",
       "    }\n",
       "}\n",
       "\n",
       "\n",
       "mpl.figure.prototype.handle_save = function(fig, msg) {\n",
       "    var format_dropdown = fig.format_dropdown;\n",
       "    var format = format_dropdown.options[format_dropdown.selectedIndex].value;\n",
       "    fig.ondownload(fig, format);\n",
       "}\n",
       "\n",
       "\n",
       "mpl.figure.prototype.handle_resize = function(fig, msg) {\n",
       "    var size = msg['size'];\n",
       "    if (size[0] != fig.canvas.width || size[1] != fig.canvas.height) {\n",
       "        fig._resize_canvas(size[0], size[1]);\n",
       "        fig.send_message(\"refresh\", {});\n",
       "    };\n",
       "}\n",
       "\n",
       "mpl.figure.prototype.handle_rubberband = function(fig, msg) {\n",
       "    var x0 = msg['x0'] / mpl.ratio;\n",
       "    var y0 = (fig.canvas.height - msg['y0']) / mpl.ratio;\n",
       "    var x1 = msg['x1'] / mpl.ratio;\n",
       "    var y1 = (fig.canvas.height - msg['y1']) / mpl.ratio;\n",
       "    x0 = Math.floor(x0) + 0.5;\n",
       "    y0 = Math.floor(y0) + 0.5;\n",
       "    x1 = Math.floor(x1) + 0.5;\n",
       "    y1 = Math.floor(y1) + 0.5;\n",
       "    var min_x = Math.min(x0, x1);\n",
       "    var min_y = Math.min(y0, y1);\n",
       "    var width = Math.abs(x1 - x0);\n",
       "    var height = Math.abs(y1 - y0);\n",
       "\n",
       "    fig.rubberband_context.clearRect(\n",
       "        0, 0, fig.canvas.width, fig.canvas.height);\n",
       "\n",
       "    fig.rubberband_context.strokeRect(min_x, min_y, width, height);\n",
       "}\n",
       "\n",
       "mpl.figure.prototype.handle_figure_label = function(fig, msg) {\n",
       "    // Updates the figure title.\n",
       "    fig.header.textContent = msg['label'];\n",
       "}\n",
       "\n",
       "mpl.figure.prototype.handle_cursor = function(fig, msg) {\n",
       "    var cursor = msg['cursor'];\n",
       "    switch(cursor)\n",
       "    {\n",
       "    case 0:\n",
       "        cursor = 'pointer';\n",
       "        break;\n",
       "    case 1:\n",
       "        cursor = 'default';\n",
       "        break;\n",
       "    case 2:\n",
       "        cursor = 'crosshair';\n",
       "        break;\n",
       "    case 3:\n",
       "        cursor = 'move';\n",
       "        break;\n",
       "    }\n",
       "    fig.rubberband_canvas.style.cursor = cursor;\n",
       "}\n",
       "\n",
       "mpl.figure.prototype.handle_message = function(fig, msg) {\n",
       "    fig.message.textContent = msg['message'];\n",
       "}\n",
       "\n",
       "mpl.figure.prototype.handle_draw = function(fig, msg) {\n",
       "    // Request the server to send over a new figure.\n",
       "    fig.send_draw_message();\n",
       "}\n",
       "\n",
       "mpl.figure.prototype.handle_image_mode = function(fig, msg) {\n",
       "    fig.image_mode = msg['mode'];\n",
       "}\n",
       "\n",
       "mpl.figure.prototype.updated_canvas_event = function() {\n",
       "    // Called whenever the canvas gets updated.\n",
       "    this.send_message(\"ack\", {});\n",
       "}\n",
       "\n",
       "// A function to construct a web socket function for onmessage handling.\n",
       "// Called in the figure constructor.\n",
       "mpl.figure.prototype._make_on_message_function = function(fig) {\n",
       "    return function socket_on_message(evt) {\n",
       "        if (evt.data instanceof Blob) {\n",
       "            /* FIXME: We get \"Resource interpreted as Image but\n",
       "             * transferred with MIME type text/plain:\" errors on\n",
       "             * Chrome.  But how to set the MIME type?  It doesn't seem\n",
       "             * to be part of the websocket stream */\n",
       "            evt.data.type = \"image/png\";\n",
       "\n",
       "            /* Free the memory for the previous frames */\n",
       "            if (fig.imageObj.src) {\n",
       "                (window.URL || window.webkitURL).revokeObjectURL(\n",
       "                    fig.imageObj.src);\n",
       "            }\n",
       "\n",
       "            fig.imageObj.src = (window.URL || window.webkitURL).createObjectURL(\n",
       "                evt.data);\n",
       "            fig.updated_canvas_event();\n",
       "            fig.waiting = false;\n",
       "            return;\n",
       "        }\n",
       "        else if (typeof evt.data === 'string' && evt.data.slice(0, 21) == \"data:image/png;base64\") {\n",
       "            fig.imageObj.src = evt.data;\n",
       "            fig.updated_canvas_event();\n",
       "            fig.waiting = false;\n",
       "            return;\n",
       "        }\n",
       "\n",
       "        var msg = JSON.parse(evt.data);\n",
       "        var msg_type = msg['type'];\n",
       "\n",
       "        // Call the  \"handle_{type}\" callback, which takes\n",
       "        // the figure and JSON message as its only arguments.\n",
       "        try {\n",
       "            var callback = fig[\"handle_\" + msg_type];\n",
       "        } catch (e) {\n",
       "            console.log(\"No handler for the '\" + msg_type + \"' message type: \", msg);\n",
       "            return;\n",
       "        }\n",
       "\n",
       "        if (callback) {\n",
       "            try {\n",
       "                // console.log(\"Handling '\" + msg_type + \"' message: \", msg);\n",
       "                callback(fig, msg);\n",
       "            } catch (e) {\n",
       "                console.log(\"Exception inside the 'handler_\" + msg_type + \"' callback:\", e, e.stack, msg);\n",
       "            }\n",
       "        }\n",
       "    };\n",
       "}\n",
       "\n",
       "// from http://stackoverflow.com/questions/1114465/getting-mouse-location-in-canvas\n",
       "mpl.findpos = function(e) {\n",
       "    //this section is from http://www.quirksmode.org/js/events_properties.html\n",
       "    var targ;\n",
       "    if (!e)\n",
       "        e = window.event;\n",
       "    if (e.target)\n",
       "        targ = e.target;\n",
       "    else if (e.srcElement)\n",
       "        targ = e.srcElement;\n",
       "    if (targ.nodeType == 3) // defeat Safari bug\n",
       "        targ = targ.parentNode;\n",
       "\n",
       "    // jQuery normalizes the pageX and pageY\n",
       "    // pageX,Y are the mouse positions relative to the document\n",
       "    // offset() returns the position of the element relative to the document\n",
       "    var x = e.pageX - $(targ).offset().left;\n",
       "    var y = e.pageY - $(targ).offset().top;\n",
       "\n",
       "    return {\"x\": x, \"y\": y};\n",
       "};\n",
       "\n",
       "/*\n",
       " * return a copy of an object with only non-object keys\n",
       " * we need this to avoid circular references\n",
       " * http://stackoverflow.com/a/24161582/3208463\n",
       " */\n",
       "function simpleKeys (original) {\n",
       "  return Object.keys(original).reduce(function (obj, key) {\n",
       "    if (typeof original[key] !== 'object')\n",
       "        obj[key] = original[key]\n",
       "    return obj;\n",
       "  }, {});\n",
       "}\n",
       "\n",
       "mpl.figure.prototype.mouse_event = function(event, name) {\n",
       "    var canvas_pos = mpl.findpos(event)\n",
       "\n",
       "    if (name === 'button_press')\n",
       "    {\n",
       "        this.canvas.focus();\n",
       "        this.canvas_div.focus();\n",
       "    }\n",
       "\n",
       "    var x = canvas_pos.x * mpl.ratio;\n",
       "    var y = canvas_pos.y * mpl.ratio;\n",
       "\n",
       "    this.send_message(name, {x: x, y: y, button: event.button,\n",
       "                             step: event.step,\n",
       "                             guiEvent: simpleKeys(event)});\n",
       "\n",
       "    /* This prevents the web browser from automatically changing to\n",
       "     * the text insertion cursor when the button is pressed.  We want\n",
       "     * to control all of the cursor setting manually through the\n",
       "     * 'cursor' event from matplotlib */\n",
       "    event.preventDefault();\n",
       "    return false;\n",
       "}\n",
       "\n",
       "mpl.figure.prototype._key_event_extra = function(event, name) {\n",
       "    // Handle any extra behaviour associated with a key event\n",
       "}\n",
       "\n",
       "mpl.figure.prototype.key_event = function(event, name) {\n",
       "\n",
       "    // Prevent repeat events\n",
       "    if (name == 'key_press')\n",
       "    {\n",
       "        if (event.which === this._key)\n",
       "            return;\n",
       "        else\n",
       "            this._key = event.which;\n",
       "    }\n",
       "    if (name == 'key_release')\n",
       "        this._key = null;\n",
       "\n",
       "    var value = '';\n",
       "    if (event.ctrlKey && event.which != 17)\n",
       "        value += \"ctrl+\";\n",
       "    if (event.altKey && event.which != 18)\n",
       "        value += \"alt+\";\n",
       "    if (event.shiftKey && event.which != 16)\n",
       "        value += \"shift+\";\n",
       "\n",
       "    value += 'k';\n",
       "    value += event.which.toString();\n",
       "\n",
       "    this._key_event_extra(event, name);\n",
       "\n",
       "    this.send_message(name, {key: value,\n",
       "                             guiEvent: simpleKeys(event)});\n",
       "    return false;\n",
       "}\n",
       "\n",
       "mpl.figure.prototype.toolbar_button_onclick = function(name) {\n",
       "    if (name == 'download') {\n",
       "        this.handle_save(this, null);\n",
       "    } else {\n",
       "        this.send_message(\"toolbar_button\", {name: name});\n",
       "    }\n",
       "};\n",
       "\n",
       "mpl.figure.prototype.toolbar_button_onmouseover = function(tooltip) {\n",
       "    this.message.textContent = tooltip;\n",
       "};\n",
       "mpl.toolbar_items = [[\"Home\", \"Reset original view\", \"fa fa-home icon-home\", \"home\"], [\"Back\", \"Back to previous view\", \"fa fa-arrow-left icon-arrow-left\", \"back\"], [\"Forward\", \"Forward to next view\", \"fa fa-arrow-right icon-arrow-right\", \"forward\"], [\"\", \"\", \"\", \"\"], [\"Pan\", \"Pan axes with left mouse, zoom with right\", \"fa fa-arrows icon-move\", \"pan\"], [\"Zoom\", \"Zoom to rectangle\", \"fa fa-square-o icon-check-empty\", \"zoom\"], [\"\", \"\", \"\", \"\"], [\"Download\", \"Download plot\", \"fa fa-floppy-o icon-save\", \"download\"]];\n",
       "\n",
       "mpl.extensions = [\"eps\", \"pdf\", \"png\", \"ps\", \"raw\", \"svg\"];\n",
       "\n",
       "mpl.default_extension = \"png\";var comm_websocket_adapter = function(comm) {\n",
       "    // Create a \"websocket\"-like object which calls the given IPython comm\n",
       "    // object with the appropriate methods. Currently this is a non binary\n",
       "    // socket, so there is still some room for performance tuning.\n",
       "    var ws = {};\n",
       "\n",
       "    ws.close = function() {\n",
       "        comm.close()\n",
       "    };\n",
       "    ws.send = function(m) {\n",
       "        //console.log('sending', m);\n",
       "        comm.send(m);\n",
       "    };\n",
       "    // Register the callback with on_msg.\n",
       "    comm.on_msg(function(msg) {\n",
       "        //console.log('receiving', msg['content']['data'], msg);\n",
